lineColor: [0.200000003, 0.100000001, 0.200000003, 1]
edgeColor: [1, 1, 1, 1]